{
 "cells": [
  {
   "cell_type": "markdown",
   "metadata": {},
   "source": [
    "# Imports"
   ]
  },
  {
   "cell_type": "code",
   "execution_count": 73,
   "metadata": {},
   "outputs": [],
   "source": [
    "from collections import defaultdict"
   ]
  },
  {
   "cell_type": "markdown",
   "metadata": {},
   "source": [
    "# The Classes"
   ]
  },
  {
   "cell_type": "code",
   "execution_count": 74,
   "metadata": {},
   "outputs": [],
   "source": [
    "class BinaryTree:\n",
    "    ''' A class for creating and handling binary trees '''\n",
    "    \n",
    "    def __init__(self, nodes = []):\n",
    "        self.nodes = nodes\n",
    "\n",
    "    def root(self):\n",
    "        return self.nodes[0]\n",
    "    \n",
    "    def iparent(self, i):\n",
    "        ''' Returns the parent of the node i '''\n",
    "        return (i - 1) // 2\n",
    "    \n",
    "    def ileft(self, i):\n",
    "        ''' Returns the left child of i '''\n",
    "        return 2*i + 1\n",
    "\n",
    "    def iright(self, i):\n",
    "        ''' Returns the right child of i '''\n",
    "        return 2*i + 2\n",
    "\n",
    "    def left(self, i):\n",
    "        ''' Returns the positions of the left child of i '''\n",
    "        return self.node_at_index(self.ileft(i))\n",
    "    \n",
    "    def right(self, i):\n",
    "        ''' Returns the positions of the right child of i '''\n",
    "        return self.node_at_index(self.iright(i))\n",
    "\n",
    "    def parent(self, i):\n",
    "        ''' Returns the positions of the parent of i '''\n",
    "        return self.node_at_index(self.iparent(i))\n",
    "\n",
    "    def node_at_index(self, i):\n",
    "        ''' Find out whick element is in the position i '''\n",
    "        return self.nodes[i]\n",
    "\n",
    "    def size(self):\n",
    "        ''' Returns the size of the tree'''\n",
    "        return len(self.nodes)\n",
    "    "
   ]
  },
  {
   "cell_type": "code",
   "execution_count": 75,
   "metadata": {},
   "outputs": [],
   "source": [
    "class MinHeap(BinaryTree):\n",
    "    ''' A Binary Tree where the root is the smallest number and every child follows by ascending value '''\n",
    "\n",
    "    def __init__(self, nodes):\n",
    "        BinaryTree.__init__(self, nodes)\n",
    "        self.min_heapify()\n",
    "        # self.nodes all the elements in my heap\n",
    "\n",
    "    # Heapify at a node assuming all subtrees are heapified\n",
    "    def min_heapify_subtree(self, i):\n",
    "        size = self.size() # size of the tree\n",
    "        ileft = self.ileft(i) # Calculate what woulf be the left child of i\n",
    "        iright = self.iright(i) # Calculate what would be the Right child of i \n",
    "        imin = i \n",
    "        if( ileft < size and self.nodes[ileft] < self.nodes[imin]):\n",
    "            '''\n",
    "            if the calculated left child IS in the tree and\n",
    "            its position is ahead of the min(the parent), then\n",
    "            say that the minimum is the left child\n",
    "            '''\n",
    "            imin = ileft\n",
    "            \n",
    "        if( iright < size and self.nodes[iright] < self.nodes[imin]): \n",
    "            '''\n",
    "            if the calculated right child IS in the tree and\n",
    "            its position is ahead of the min(the parent), then\n",
    "            say that the minimum is the right child\n",
    "            '''\n",
    "            imin = iright\n",
    "            \n",
    "        if( imin != i):  \n",
    "            '''\n",
    "            If it turns out that the parent is in fact larger\n",
    "            than the chidren (we've swapped the min with some of\n",
    "            its children), then swap also their place in the tree\n",
    "            Once you do that check if the new \"parent\" (the child\n",
    "            became a parent) is in the right position\n",
    "            '''\n",
    "            \n",
    "            self.nodes[i], self.nodes[imin] = self.nodes[imin], self.nodes[i]\n",
    "            self.min_heapify_subtree(imin)                          \n",
    "\n",
    "\n",
    "    def min_heapify(self):\n",
    "        '''\n",
    "        Iterate through every node of the heap from the last to the first \n",
    "        and make our heap with the node with the minimu value is the root \n",
    "        and all the other nodes follow in ascending order\n",
    "        '''\n",
    "        for i in range(len(self.nodes), -1, -1): \n",
    "            self.min_heapify_subtree(i)\n",
    "\n",
    "    def min(self):\n",
    "        return self.nodes[0] # Return the root, aka the minimum\n",
    "\n",
    "    def pop(self):\n",
    "        '''\n",
    "        Find the minimum element in the heap (tree) aka the root. If the tree is not just this element remove it\n",
    "        and replace it with the last object in the heap. Run min_heapify to reorder the heap(maintain the heap property). \n",
    "        '''\n",
    "        min = self.nodes[0]\n",
    "        if self.size() > 1:\n",
    "            self.nodes[0] = self.nodes[-1]\n",
    "            self.nodes.pop()\n",
    "            self.min_heapify_subtree(0)\n",
    "        elif self.size() == 1: \n",
    "            self.nodes.pop()\n",
    "        else:\n",
    "            return None\n",
    "        return min\n",
    "\n",
    "    def decrease_key(self, element, val):\n",
    "        '''\n",
    "        Find the position of the node i and change its value.\n",
    "        Now check if with the changed value the position of i \n",
    "        has the heap property\n",
    "        '''\n",
    "        for i in range(len(self.nodes)):\n",
    "            if element == self.nodes[i][1]:\n",
    "                self.nodes[i][0] = val\n",
    "                index = i\n",
    "                break\n",
    "        #self.nodes[i] = val\n",
    "        iparent = self.iparent(i)\n",
    "        while( i != 0 and self.nodes[iparent] > self.nodes[i]):\n",
    "            self.nodes[iparent], self.nodes[i] = self.nodes[i], self.nodes[iparent]\n",
    "            i = iparent\n",
    "            if i > 0:\n",
    "                iparent = self.iparent(i)"
   ]
  },
  {
   "cell_type": "code",
   "execution_count": 1,
   "metadata": {},
   "outputs": [],
   "source": [
    "from collections import defaultdict\n",
    "class Graph(object):\n",
    "    '''\n",
    "    Graph Data Structure, undirected by default\n",
    "    '''\n",
    "    \n",
    "    def __init__(self):\n",
    "        self.adjacency = defaultdict(set)\n",
    "       # self.dis = {}\n",
    "      #  self.tim = {}\n",
    "       # self.net = {}\n",
    "        self.coordinates = {}\n",
    "        self.adj_list_d = defaultdict(list)\n",
    "        self.adj_list_t = defaultdict(list)\n",
    "        self.adj_list_n = defaultdict(list)\n",
    "        \n",
    "    def add(self, node1, node2):\n",
    "        ''' Add connection between node1, node2'''\n",
    "        self.adjacency[int(node1)].add(int(node2))\n",
    "        self.adjacency[int(node2)].add(int(node1))\n",
    "        #self.net[int(node1), int(node2)] = 1\n",
    "    \n",
    "    def distance(self, node1, node2, d):\n",
    "        ''' Create the distance measure between node1 and node2 '''\n",
    "        #self.dis[(int(node1), int(node2))] = int(d)\n",
    "        if [int(d), int(node2)] not in self.adj_list_d[int(node1)]:\n",
    "            self.adj_list_d[int(node1)].append([int(d), int(node2)])\n",
    "            self.adj_list_d[int(node2)].append([int(d), int(node1)])\n",
    "            self.adj_list_n[int(node1)].append([1, int(node2)])\n",
    "            self.adj_list_n[int(node2)].append([1, int(node1)])\n",
    "        \n",
    "    def time(self, node1, node2, t):\n",
    "        ''' Create the time distance measure between node 1 and node 2'''\n",
    "        \n",
    "        #self.tim[(int(node1), int(node2))] = int(t)\n",
    "        if [ int(t), int(node2)] not in  self.adj_list_t[int(node1)]:\n",
    "            self.adj_list_t[int(node1)].append([ int(t), int(node2)])\n",
    "            self.adj_list_t[int(node2)].append([int(t), int(node1)])\n",
    "        \n",
    "    def coordinate(self, node, coordinate1, coordinate2):\n",
    "        '''Save the coordinates of every node'''\n",
    "        self.coordinates[int(node)] = [int(coordinate1), int(coordinate2)]\n",
    "    \n",
    "    def nodes_(self):\n",
    "        ''' All the nodes of the graph '''\n",
    "        return list(set(self.adjacency.keys()))\n",
    "    \n",
    "    def edges(self):\n",
    "        ''' Return all the edges of the graph '''\n",
    "        return list(self.dis.keys())\n",
    "    \n",
    "    def print_adj_list_d(self):\n",
    "        for keys, values in self.adj_list_d.items():\n",
    "            print(keys, values)\n",
    "            \n",
    "    def print_adj_list_t(self):\n",
    "        for keys, values in self.adj_list_d.items():\n",
    "            print( keys, values)\n",
    "    '''DFS for the first functionality'''      \n",
    "    def dfs(self, startnode, visited, dist, kind):\n",
    "        if visited is None:\n",
    "            visited = set() \n",
    "        visited.add(startnode)\n",
    "        for i in kind[startnode]:\n",
    "            if i[1] not in visited:\n",
    "                if i[0] < dist:\n",
    "                    self.dfs(i[1], visited, dist-i[0], kind)\n",
    "        return visited\n",
    "    \n",
    "    def functionality1(self):\n",
    "        startnode = int(input(\"Give me the node as a number: \\n \"))\n",
    "        measure = int(input(\"We need a function to claculate the distance, if you want metric distance digit 1, time distance 2, network distance 3. \\n \"))\n",
    "        dist = int(input(\"Put a number as threshold distance: \\n \"))\n",
    "        if measure == 1:\n",
    "            return self.dfs(startnode, None, dist, self.adj_list_d)\n",
    "        elif measure == 2:\n",
    "            return self.dfs(startnode, None,dist, self.adj_list_t)\n",
    "        elif measure == 3 :\n",
    "            return self.dfs(startnode, None, dist, self.adj_list_n)\n",
    "        \n",
    "    '''Modified DFS for second functionality'''"
   ]
  },
  {
   "cell_type": "markdown",
   "metadata": {},
   "source": [
    "# Read the Data\n",
    "#### Previewing the data, we notice that the first 7 rows are an introduction and an a prologue for the data that follows, so we skip these"
   ]
  },
  {
   "cell_type": "markdown",
   "metadata": {},
   "source": [
    "#### Let's create a Graph out of our Data"
   ]
  },
  {
   "cell_type": "code",
   "execution_count": 2,
   "metadata": {},
   "outputs": [],
   "source": [
    "G = Graph()"
   ]
  },
  {
   "cell_type": "code",
   "execution_count": 3,
   "metadata": {},
   "outputs": [],
   "source": [
    "with open(r\"USA-road-d.CAL.gr\", encoding='utf-8') as file:\n",
    "    n = 0\n",
    "    for line in file:\n",
    "        if n > 6:\n",
    "            ww = line.split()\n",
    "            G.add(ww[1], ww[2])\n",
    "            G.distance(ww[1], ww[2], ww[3])\n",
    "        n += 1"
   ]
  },
  {
   "cell_type": "code",
   "execution_count": 4,
   "metadata": {},
   "outputs": [],
   "source": [
    "with open(r\"USA-road-t.CAL.gr\", encoding='utf-8') as file:\n",
    "    n = 0\n",
    "    for line in file:\n",
    "        if n > 6:\n",
    "            ww = line.split()\n",
    "            G.add(ww[1], ww[2])\n",
    "            G.time(ww[1], ww[2], ww[3])\n",
    "        n += 1"
   ]
  },
  {
   "cell_type": "code",
   "execution_count": 5,
   "metadata": {},
   "outputs": [],
   "source": [
    "with open(r\"USA-road-d.CAL.co\", encoding='utf-8') as file:\n",
    "    n = 0\n",
    "    for line in file:\n",
    "        if n > 6:\n",
    "            ww = line.split()\n",
    "            G.coordinate(ww[1], ww[2], ww[3])\n",
    "        n += 1"
   ]
  },
  {
   "cell_type": "code",
   "execution_count": 88,
   "metadata": {},
   "outputs": [
    {
     "data": {
      "text/plain": [
       "{(1, 1048577): 1139,\n",
       " (1048577, 1): 1139,\n",
       " (2, 1048578): 5972,\n",
       " (1048578, 2): 5972,\n",
       " (3, 1048579): 895,\n",
       " (1048579, 3): 895,\n",
       " (4, 1048579): 37253,\n",
       " (1048579, 4): 37253,\n",
       " (5, 6): 45332,\n",
       " (6, 5): 45332,\n",
       " (7, 1048580): 6158,\n",
       " (1048580, 7): 6158,\n",
       " (8, 1048581): 37360,\n",
       " (1048581, 8): 37360,\n",
       " (9, 1048583): 25122,\n",
       " (1048583, 9): 25122,\n",
       " (1048583, 10): 11156,\n",
       " (10, 1048583): 11156,\n",
       " (10, 1048584): 6576,\n",
       " (1048584, 10): 6576,\n",
       " (1048584, 11): 5102,\n",
       " (11, 1048584): 5102,\n",
       " (12, 1048585): 18972,\n",
       " (1048585, 12): 18972,\n",
       " (13, 1048586): 19339,\n",
       " (1048586, 13): 19339,\n",
       " (1048587, 14): 74198,\n",
       " (14, 1048587): 74198,\n",
       " (1048588, 1048587): 2851,\n",
       " (1048587, 1048588): 2851,\n",
       " (15, 1048588): 37814,\n",
       " (1048588, 15): 37814,\n",
       " (14, 1048589): 27195,\n",
       " (1048589, 14): 27195,\n",
       " (16, 1048590): 70676,\n",
       " (1048590, 16): 70676,\n",
       " (16, 17): 29815,\n",
       " (17, 16): 29815,\n",
       " (1048591, 18): 2183,\n",
       " (18, 1048591): 2183,\n",
       " (18, 19): 90700,\n",
       " (19, 18): 90700,\n",
       " (19, 20): 68505,\n",
       " (20, 19): 68505,\n",
       " (20, 21): 85908,\n",
       " (21, 20): 85908,\n",
       " (1048592, 22): 9624,\n",
       " (22, 1048592): 9624,\n",
       " (22, 1048593): 66006,\n",
       " (1048593, 22): 66006,\n",
       " (23, 1048594): 10806,\n",
       " (1048594, 23): 10806,\n",
       " (24, 23): 45104,\n",
       " (23, 24): 45104,\n",
       " (1048595, 24): 25175,\n",
       " (24, 1048595): 25175,\n",
       " (1048595, 25): 29860,\n",
       " (25, 1048595): 29860,\n",
       " (1048596, 1048595): 25144,\n",
       " (1048595, 1048596): 25144,\n",
       " (21, 1048596): 10891,\n",
       " (1048596, 21): 10891,\n",
       " (26, 1048597): 19355,\n",
       " (1048597, 26): 19355,\n",
       " (26, 27): 875,\n",
       " (27, 26): 875,\n",
       " (1048598, 28): 910,\n",
       " (28, 1048598): 910,\n",
       " (1048599, 29): 2915,\n",
       " (29, 1048599): 2915,\n",
       " (1048600, 30): 1601,\n",
       " (30, 1048600): 1601,\n",
       " (1048601, 31): 9381,\n",
       " (31, 1048601): 9381,\n",
       " (1048602, 1048588): 121919,\n",
       " (1048588, 1048602): 121919,\n",
       " (1048602, 32): 24876,\n",
       " (32, 1048602): 24876,\n",
       " (33, 1048598): 12740,\n",
       " (1048598, 33): 12740,\n",
       " (1048598, 1048603): 2927,\n",
       " (1048603, 1048598): 2927,\n",
       " (1048603, 34): 38762,\n",
       " (34, 1048603): 38762,\n",
       " (1048604, 35): 7719,\n",
       " (35, 1048604): 7719,\n",
       " (1048605, 36): 2576,\n",
       " (36, 1048605): 2576,\n",
       " (1048606, 1048604): 9447,\n",
       " (1048604, 1048606): 9447,\n",
       " (37, 1048607): 7299,\n",
       " (1048607, 37): 7299,\n",
       " (37, 38): 10381,\n",
       " (38, 37): 10381,\n",
       " (1048608, 39): 10255,\n",
       " (39, 1048608): 10255,\n",
       " (1048607, 1048608): 13053,\n",
       " (1048608, 1048607): 13053,\n",
       " (1048609, 40): 1573,\n",
       " (40, 1048609): 1573,\n",
       " (1048610, 41): 2417,\n",
       " (41, 1048610): 2417,\n",
       " (1048611, 1048605): 20036,\n",
       " (1048605, 1048611): 20036,\n",
       " (42, 1048610): 20226,\n",
       " (1048610, 42): 20226,\n",
       " (1048612, 43): 2419,\n",
       " (43, 1048612): 2419,\n",
       " (1048613, 44): 11703,\n",
       " (44, 1048613): 11703,\n",
       " (44, 45): 9732,\n",
       " (45, 44): 9732,\n",
       " (46, 47): 574,\n",
       " (47, 46): 574,\n",
       " (47, 1048614): 10617,\n",
       " (1048614, 47): 10617,\n",
       " (48, 1048615): 1494,\n",
       " (1048615, 48): 1494,\n",
       " (49, 1048616): 3236,\n",
       " (1048616, 49): 3236,\n",
       " (49, 50): 900,\n",
       " (50, 49): 900,\n",
       " (1048617, 51): 1130,\n",
       " (51, 1048617): 1130,\n",
       " (1048618, 52): 1391,\n",
       " (52, 1048618): 1391,\n",
       " (1048619, 1048618): 2803,\n",
       " (1048618, 1048619): 2803,\n",
       " (53, 1048619): 6269,\n",
       " (1048619, 53): 6269,\n",
       " (53, 1048620): 5935,\n",
       " (1048620, 53): 5935,\n",
       " (1048620, 54): 3182,\n",
       " (54, 1048620): 3182,\n",
       " (1048621, 55): 6028,\n",
       " (55, 1048621): 6028,\n",
       " (54, 1048622): 4747,\n",
       " (1048622, 54): 4747,\n",
       " (1048622, 1048618): 5065,\n",
       " (1048618, 1048622): 5065,\n",
       " (55, 56): 8381,\n",
       " (56, 55): 8381,\n",
       " (52, 1048598): 22177,\n",
       " (1048598, 52): 22177,\n",
       " (1048623, 1048622): 2992,\n",
       " (1048622, 1048623): 2992,\n",
       " (1048623, 57): 1515,\n",
       " (57, 1048623): 1515,\n",
       " (38, 1048624): 21795,\n",
       " (1048624, 38): 21795,\n",
       " (1048624, 39): 9870,\n",
       " (39, 1048624): 9870,\n",
       " (1048624, 33): 553,\n",
       " (33, 1048624): 553,\n",
       " (58, 59): 1259,\n",
       " (59, 58): 1259,\n",
       " (60, 37): 33347,\n",
       " (37, 60): 33347,\n",
       " (1048620, 1048623): 4816,\n",
       " (1048623, 1048620): 4816,\n",
       " (53, 1048623): 3754,\n",
       " (1048623, 53): 3754,\n",
       " (61, 23): 40386,\n",
       " (23, 61): 40386,\n",
       " (1048625, 61): 9287,\n",
       " (61, 1048625): 9287,\n",
       " (62, 1048600): 13646,\n",
       " (1048600, 62): 13646,\n",
       " (1048626, 63): 20494,\n",
       " (63, 1048626): 20494,\n",
       " (1048627, 64): 1030,\n",
       " (64, 1048627): 1030,\n",
       " (1048628, 1048625): 1334,\n",
       " (1048625, 1048628): 1334,\n",
       " (65, 1048628): 45870,\n",
       " (1048628, 65): 45870,\n",
       " (1048629, 65): 47128,\n",
       " (65, 1048629): 47128,\n",
       " (1048629, 66): 19553,\n",
       " (66, 1048629): 19553,\n",
       " (1048630, 67): 1134,\n",
       " (67, 1048630): 1134,\n",
       " (1048630, 1048628): 69963,\n",
       " (1048628, 1048630): 69963,\n",
       " (1048631, 68): 7327,\n",
       " (68, 1048631): 7327,\n",
       " (1048632, 69): 31567,\n",
       " (69, 1048632): 31567,\n",
       " (1048633, 70): 1468,\n",
       " (70, 1048633): 1468,\n",
       " (1048634, 1048633): 21913,\n",
       " (1048633, 1048634): 21913,\n",
       " (71, 1048634): 1046,\n",
       " (1048634, 71): 1046,\n",
       " (1048633, 1048635): 10739,\n",
       " (1048635, 1048633): 10739,\n",
       " (72, 73): 539,\n",
       " (73, 72): 539,\n",
       " (1048633, 74): 8166,\n",
       " (74, 1048633): 8166,\n",
       " (75, 1048634): 13216,\n",
       " (1048634, 75): 13216,\n",
       " (1048636, 44): 4968,\n",
       " (44, 1048636): 4968,\n",
       " (67, 76): 26724,\n",
       " (76, 67): 26724,\n",
       " (1048637, 77): 41214,\n",
       " (77, 1048637): 41214,\n",
       " (1048638, 78): 3581,\n",
       " (78, 1048638): 3581,\n",
       " (1048639, 79): 22936,\n",
       " (79, 1048639): 22936,\n",
       " (1048640, 60): 19006,\n",
       " (60, 1048640): 19006,\n",
       " (80, 1048641): 19117,\n",
       " (1048641, 80): 19117,\n",
       " (1048590, 1048641): 10096,\n",
       " (1048641, 1048590): 10096,\n",
       " (1048630, 1048629): 40138,\n",
       " (1048629, 1048630): 40138,\n",
       " (81, 1048629): 80708,\n",
       " (1048629, 81): 80708,\n",
       " (1048642, 82): 7040,\n",
       " (82, 1048642): 7040,\n",
       " (1048643, 81): 19405,\n",
       " (81, 1048643): 19405,\n",
       " (83, 1048630): 56960,\n",
       " (1048630, 83): 56960,\n",
       " (1048644, 83): 23620,\n",
       " (83, 1048644): 23620,\n",
       " (81, 1048644): 40451,\n",
       " (1048644, 81): 40451,\n",
       " (1048644, 84): 9053,\n",
       " (84, 1048644): 9053,\n",
       " (56, 1048638): 2155,\n",
       " (1048638, 56): 2155,\n",
       " (76, 1048645): 3809,\n",
       " (1048645, 76): 3809,\n",
       " (85, 75): 19449,\n",
       " (75, 85): 19449,\n",
       " (1048646, 85): 443,\n",
       " (85, 1048646): 443,\n",
       " (86, 87): 9752,\n",
       " (87, 86): 9752,\n",
       " (88, 86): 9935,\n",
       " (86, 88): 9935,\n",
       " (89, 1048647): 976,\n",
       " (1048647, 89): 976,\n",
       " (89, 90): 9985,\n",
       " (90, 89): 9985,\n",
       " (1048648, 91): 18565,\n",
       " (91, 1048648): 18565,\n",
       " (91, 1048649): 59860,\n",
       " (1048649, 91): 59860,\n",
       " (1048649, 92): 908,\n",
       " (92, 1048649): 908,\n",
       " (1048650, 71): 23768,\n",
       " (71, 1048650): 23768,\n",
       " (1048650, 1048613): 612,\n",
       " (1048613, 1048650): 612,\n",
       " (93, 1048651): 80645,\n",
       " (1048651, 93): 80645,\n",
       " (93, 94): 10256,\n",
       " (94, 93): 10256,\n",
       " (1048651, 1048646): 9816,\n",
       " (1048646, 1048651): 9816,\n",
       " (1048652, 95): 1078,\n",
       " (95, 1048652): 1078,\n",
       " (1048653, 1048642): 1639,\n",
       " (1048642, 1048653): 1639,\n",
       " (96, 1048654): 1885,\n",
       " (1048654, 96): 1885,\n",
       " (1048638, 96): 1801,\n",
       " (96, 1048638): 1801,\n",
       " (97, 1048655): 17377,\n",
       " (1048655, 97): 17377,\n",
       " (98, 1048652): 10165,\n",
       " (1048652, 98): 10165,\n",
       " (98, 99): 9796,\n",
       " (99, 98): 9796,\n",
       " (98, 100): 9985,\n",
       " (100, 98): 9985,\n",
       " (101, 1048656): 12407,\n",
       " (1048656, 101): 12407,\n",
       " (96, 101): 8586,\n",
       " (101, 96): 8586,\n",
       " (1048653, 1048634): 22213,\n",
       " (1048634, 1048653): 22213,\n",
       " (102, 1048657): 4168,\n",
       " (1048657, 102): 4168,\n",
       " (103, 1048653): 11583,\n",
       " (1048653, 103): 11583,\n",
       " (1048658, 103): 3974,\n",
       " (103, 1048658): 3974,\n",
       " (104, 1048658): 6123,\n",
       " (1048658, 104): 6123,\n",
       " (104, 1048659): 10671,\n",
       " (1048659, 104): 10671,\n",
       " (105, 88): 10196,\n",
       " (88, 105): 10196,\n",
       " (105, 1048660): 740,\n",
       " (1048660, 105): 740,\n",
       " (106, 105): 572,\n",
       " (105, 106): 572,\n",
       " (1048657, 1048661): 252,\n",
       " (1048661, 1048657): 252,\n",
       " (107, 1048662): 5305,\n",
       " (1048662, 107): 5305,\n",
       " (1048659, 108): 9623,\n",
       " (108, 1048659): 9623,\n",
       " (1048663, 109): 5234,\n",
       " (109, 1048663): 5234,\n",
       " (1048664, 110): 428,\n",
       " (110, 1048664): 428,\n",
       " (1048665, 1048664): 1323,\n",
       " (1048664, 1048665): 1323,\n",
       " (111, 104): 22106,\n",
       " (104, 111): 22106,\n",
       " (112, 113): 23099,\n",
       " (113, 112): 23099,\n",
       " (114, 111): 21087,\n",
       " (111, 114): 21087,\n",
       " (115, 114): 1296,\n",
       " (114, 115): 1296,\n",
       " (1048666, 114): 5634,\n",
       " (114, 1048666): 5634,\n",
       " (116, 1048648): 1376,\n",
       " (1048648, 116): 1376,\n",
       " (116, 97): 9993,\n",
       " (97, 116): 9993,\n",
       " (1048667, 116): 19920,\n",
       " (116, 1048667): 19920,\n",
       " (117, 116): 9935,\n",
       " (116, 117): 9935,\n",
       " (16, 1048668): 18676,\n",
       " (1048668, 16): 18676,\n",
       " (1048668, 1048643): 1298,\n",
       " (1048643, 1048668): 1298,\n",
       " (118, 1048669): 2337,\n",
       " (1048669, 118): 2337,\n",
       " (119, 118): 19616,\n",
       " (118, 119): 19616,\n",
       " (1048670, 120): 10873,\n",
       " (120, 1048670): 10873,\n",
       " (1048671, 1048644): 9437,\n",
       " (1048644, 1048671): 9437,\n",
       " (121, 1048672): 10005,\n",
       " (1048672, 121): 10005,\n",
       " (122, 121): 10429,\n",
       " (121, 122): 10429,\n",
       " (122, 1048673): 60454,\n",
       " (1048673, 122): 60454,\n",
       " (123, 1048674): 10112,\n",
       " (1048674, 123): 10112,\n",
       " (123, 1048666): 9940,\n",
       " (1048666, 123): 9940,\n",
       " (124, 16): 23534,\n",
       " (16, 124): 23534,\n",
       " (1048675, 125): 1042,\n",
       " (125, 1048675): 1042,\n",
       " (1048676, 106): 59403,\n",
       " (106, 1048676): 59403,\n",
       " (1048676, 126): 10256,\n",
       " (126, 1048676): 10256,\n",
       " (1048676, 127): 9832,\n",
       " (127, 1048676): 9832,\n",
       " (128, 1048676): 19081,\n",
       " (1048676, 128): 19081,\n",
       " (129, 1048677): 59371,\n",
       " (1048677, 129): 59371,\n",
       " (127, 129): 10044,\n",
       " (129, 127): 10044,\n",
       " (94, 129): 10067,\n",
       " (129, 94): 10067,\n",
       " (1048672, 93): 19950,\n",
       " (93, 1048672): 19950,\n",
       " (93, 117): 10069,\n",
       " (117, 93): 10069,\n",
       " (130, 114): 22133,\n",
       " (114, 130): 22133,\n",
       " (130, 1048678): 673,\n",
       " (1048678, 130): 673,\n",
       " (131, 1048679): 18667,\n",
       " (1048679, 131): 18667,\n",
       " (132, 1048680): 41839,\n",
       " (1048680, 132): 41839,\n",
       " (1048680, 133): 20058,\n",
       " (133, 1048680): 20058,\n",
       " (1048681, 129): 20097,\n",
       " (129, 1048681): 20097,\n",
       " (1048640, 134): 14755,\n",
       " (134, 1048640): 14755,\n",
       " (1048682, 135): 16744,\n",
       " (135, 1048682): 16744,\n",
       " (1048683, 1048675): 18614,\n",
       " (1048675, 1048683): 18614,\n",
       " (1048683, 124): 57114,\n",
       " (124, 1048683): 57114,\n",
       " (136, 1048667): 342,\n",
       " (1048667, 136): 342,\n",
       " (1048684, 136): 9949,\n",
       " (136, 1048684): 9949,\n",
       " (137, 1048673): 9801,\n",
       " (1048673, 137): 9801,\n",
       " (1048685, 122): 9878,\n",
       " (122, 1048685): 9878,\n",
       " (1048662, 1048665): 6558,\n",
       " (1048665, 1048662): 6558,\n",
       " (1048685, 138): 9434,\n",
       " (138, 1048685): 9434,\n",
       " (138, 1048684): 10245,\n",
       " (1048684, 138): 10245,\n",
       " (1048683, 139): 5828,\n",
       " (139, 1048683): 5828,\n",
       " (1048686, 140): 70141,\n",
       " (140, 1048686): 70141,\n",
       " (140, 137): 10043,\n",
       " (137, 140): 10043,\n",
       " (141, 142): 39111,\n",
       " (142, 141): 39111,\n",
       " (143, 1048686): 9881,\n",
       " (1048686, 143): 9881,\n",
       " (135, 1048687): 1709,\n",
       " (1048687, 135): 1709,\n",
       " (144, 1048688): 40130,\n",
       " (1048688, 144): 40130,\n",
       " (144, 145): 28613,\n",
       " (145, 144): 28613,\n",
       " (1048687, 1048689): 28554,\n",
       " (1048689, 1048687): 28554,\n",
       " (145, 1048670): 650,\n",
       " (1048670, 145): 650,\n",
       " (146, 144): 10065,\n",
       " (144, 146): 10065,\n",
       " (1048690, 147): 18265,\n",
       " (147, 1048690): 18265,\n",
       " (1048691, 148): 1236,\n",
       " (148, 1048691): 1236,\n",
       " (84, 1048692): 10839,\n",
       " (1048692, 84): 10839,\n",
       " (149, 102): 2525,\n",
       " (102, 149): 2525,\n",
       " (1048693, 150): 875,\n",
       " (150, 1048693): 875,\n",
       " (1048694, 1048693): 31233,\n",
       " (1048693, 1048694): 31233,\n",
       " (151, 1048694): 30135,\n",
       " (1048694, 151): 30135,\n",
       " (1048695, 146): 823,\n",
       " (146, 1048695): 823,\n",
       " (152, 1048695): 11301,\n",
       " (1048695, 152): 11301,\n",
       " (1048692, 115): 23001,\n",
       " (115, 1048692): 23001,\n",
       " (1048678, 1048696): 15283,\n",
       " (1048696, 1048678): 15283,\n",
       " (1048695, 132): 1516,\n",
       " (132, 1048695): 1516,\n",
       " (1048679, 1048695): 556,\n",
       " (1048695, 1048679): 556,\n",
       " (153, 1048683): 62291,\n",
       " (1048683, 153): 62291,\n",
       " (1048697, 153): 8307,\n",
       " (153, 1048697): 8307,\n",
       " (154, 1048697): 9982,\n",
       " (1048697, 154): 9982,\n",
       " (155, 139): 25576,\n",
       " (139, 155): 25576,\n",
       " (1048698, 156): 8869,\n",
       " (156, 1048698): 8869,\n",
       " (1048699, 157): 18601,\n",
       " (157, 1048699): 18601,\n",
       " (156, 131): 9900,\n",
       " (131, 156): 9900,\n",
       " (1048700, 158): 10038,\n",
       " (158, 1048700): 10038,\n",
       " (1048701, 141): 9887,\n",
       " (141, 1048701): 9887,\n",
       " (1048701, 159): 10068,\n",
       " (159, 1048701): 10068,\n",
       " (1048702, 1048701): 9871,\n",
       " (1048701, 1048702): 9871,\n",
       " (160, 152): 10681,\n",
       " (152, 160): 10681,\n",
       " (160, 1048690): 12375,\n",
       " (1048690, 160): 12375,\n",
       " (1048703, 160): 9409,\n",
       " (160, 1048703): 9409,\n",
       " (161, 1048703): 12538,\n",
       " (1048703, 161): 12538,\n",
       " (161, 1048700): 4080,\n",
       " (1048700, 161): 4080,\n",
       " (1048704, 162): 10224,\n",
       " (162, 1048704): 10224,\n",
       " (1048705, 1048704): 4339,\n",
       " (1048704, 1048705): 4339,\n",
       " (163, 1048706): 9585,\n",
       " (1048706, 163): 9585,\n",
       " (1048706, 164): 21872,\n",
       " (164, 1048706): 21872,\n",
       " (1048706, 1048704): 20700,\n",
       " (1048704, 1048706): 20700,\n",
       " (165, 1048704): 30340,\n",
       " (1048704, 165): 30340,\n",
       " (166, 167): 7253,\n",
       " (167, 166): 7253,\n",
       " (1048707, 166): 9802,\n",
       " (166, 1048707): 9802,\n",
       " (168, 1048707): 10202,\n",
       " (1048707, 168): 10202,\n",
       " (168, 163): 9981,\n",
       " (163, 168): 9981,\n",
       " (169, 1048708): 364,\n",
       " (1048708, 169): 364,\n",
       " (170, 168): 39820,\n",
       " (168, 170): 39820,\n",
       " (1048709, 170): 9779,\n",
       " (170, 1048709): 9779,\n",
       " (166, 171): 40397,\n",
       " (171, 166): 40397,\n",
       " (171, 1048709): 10040,\n",
       " (1048709, 171): 10040,\n",
       " (1048710, 161): 23820,\n",
       " (161, 1048710): 23820,\n",
       " (172, 1048710): 29615,\n",
       " (1048710, 172): 29615,\n",
       " (161, 1048705): 1359,\n",
       " (1048705, 161): 1359,\n",
       " (1048711, 169): 2744,\n",
       " (169, 1048711): 2744,\n",
       " (125, 120): 19469,\n",
       " (120, 125): 19469,\n",
       " (1048677, 86): 667,\n",
       " (86, 1048677): 667,\n",
       " (99, 89): 10082,\n",
       " (89, 99): 10082,\n",
       " (1048649, 89): 20464,\n",
       " (89, 1048649): 20464,\n",
       " (1048647, 1048639): 8974,\n",
       " (1048639, 1048647): 8974,\n",
       " (92, 112): 9005,\n",
       " (112, 92): 9005,\n",
       " (173, 1048712): 3969,\n",
       " (1048712, 173): 3969,\n",
       " (159, 140): 10349,\n",
       " (140, 159): 10349,\n",
       " (169, 174): 693,\n",
       " (174, 169): 693,\n",
       " (157, 1048702): 11595,\n",
       " (1048702, 157): 11595,\n",
       " (1048713, 175): 269,\n",
       " (175, 1048713): 269,\n",
       " (1048714, 176): 30252,\n",
       " (176, 1048714): 30252,\n",
       " (1048715, 1048714): 84658,\n",
       " (1048714, 1048715): 84658,\n",
       " (177, 1048716): 21702,\n",
       " (1048716, 177): 21702,\n",
       " (178, 177): 21650,\n",
       " (177, 178): 21650,\n",
       " (179, 180): 878,\n",
       " (180, 179): 878,\n",
       " (1048626, 179): 553,\n",
       " (179, 1048626): 553,\n",
       " (113, 181): 9518,\n",
       " (181, 113): 9518,\n",
       " (181, 79): 10050,\n",
       " (79, 181): 10050,\n",
       " (126, 123): 10191,\n",
       " (123, 126): 10191,\n",
       " (1048680, 1048691): 915,\n",
       " (1048691, 1048680): 915,\n",
       " (1048717, 1048587): 2570,\n",
       " (1048587, 1048717): 2570,\n",
       " (14, 18): 55411,\n",
       " (18, 14): 55411,\n",
       " (182, 52): 2131,\n",
       " (52, 182): 2131,\n",
       " (1048718, 183): 18034,\n",
       " (183, 1048718): 18034,\n",
       " (183, 1048719): 9322,\n",
       " (1048719, 183): 9322,\n",
       " (1048719, 184): 136234,\n",
       " (184, 1048719): 136234,\n",
       " (1048720, 184): 57846,\n",
       " (184, 1048720): 57846,\n",
       " (184, 185): 80358,\n",
       " (185, 184): 80358,\n",
       " (113, 1048721): 3180,\n",
       " (1048721, 113): 3180,\n",
       " (186, 1048722): 1116,\n",
       " (1048722, 186): 1116,\n",
       " (187, 1048723): 4361,\n",
       " (1048723, 187): 4361,\n",
       " (1048723, 188): 7214,\n",
       " (188, 1048723): 7214,\n",
       " (188, 1048637): 4034,\n",
       " (1048637, 188): 4034,\n",
       " (79, 1048723): 2218,\n",
       " (1048723, 79): 2218,\n",
       " (185, 1048724): 7438,\n",
       " (1048724, 185): 7438,\n",
       " (189, 1048725): 23226,\n",
       " (1048725, 189): 23226,\n",
       " (190, 1048725): 41493,\n",
       " (1048725, 190): 41493,\n",
       " (1048726, 191): 35242,\n",
       " (191, 1048726): 35242,\n",
       " (1048727, 192): 6920,\n",
       " (192, 1048727): 6920,\n",
       " (192, 1048728): 53427,\n",
       " (1048728, 192): 53427,\n",
       " (192, 193): 9956,\n",
       " (193, 192): 9956,\n",
       " (1048729, 7): 56524,\n",
       " (7, 1048729): 56524,\n",
       " (194, 7): 21028,\n",
       " (7, 194): 21028,\n",
       " (1048730, 194): 17199,\n",
       " (194, 1048730): 17199,\n",
       " (195, 1048731): 43534,\n",
       " (1048731, 195): 43534,\n",
       " (196, 1048731): 1497,\n",
       " (1048731, 196): 1497,\n",
       " (1048732, 196): 2003,\n",
       " (196, 1048732): 2003,\n",
       " (197, 1048732): 8557,\n",
       " (1048732, 197): 8557,\n",
       " (1048733, 197): 8683,\n",
       " (197, 1048733): 8683,\n",
       " (198, 1048733): 6690,\n",
       " (1048733, 198): 6690,\n",
       " (1048734, 198): 31693,\n",
       " (198, 1048734): 31693,\n",
       " (199, 1048734): 2753,\n",
       " (1048734, 199): 2753,\n",
       " (1048735, 200): 36234,\n",
       " (200, 1048735): 36234,\n",
       " (1048736, 201): 27884,\n",
       " (201, 1048736): 27884,\n",
       " (202, 1048736): 31299,\n",
       " (1048736, 202): 31299,\n",
       " (1048737, 203): 607,\n",
       " (203, 1048737): 607,\n",
       " (1048738, 1048737): 22467,\n",
       " (1048737, 1048738): 22467,\n",
       " (204, 1048738): 6475,\n",
       " (1048738, 204): 6475,\n",
       " (1048739, 204): 16687,\n",
       " (204, 1048739): 16687,\n",
       " (204, 205): 27238,\n",
       " (205, 204): 27238,\n",
       " (205, 1048740): 2559,\n",
       " (1048740, 205): 2559,\n",
       " (206, 1048740): 8614,\n",
       " (1048740, 206): 8614,\n",
       " (1048741, 206): 16331,\n",
       " (206, 1048741): 16331,\n",
       " (207, 1048741): 6769,\n",
       " (1048741, 207): 6769,\n",
       " (1048742, 207): 29191,\n",
       " (207, 1048742): 29191,\n",
       " (207, 208): 13987,\n",
       " (208, 207): 13987,\n",
       " (1048743, 209): 28197,\n",
       " (209, 1048743): 28197,\n",
       " (209, 195): 57497,\n",
       " (195, 209): 57497,\n",
       " (210, 1048744): 955,\n",
       " (1048744, 210): 955,\n",
       " (1048728, 1048745): 23089,\n",
       " (1048745, 1048728): 23089,\n",
       " (1048724, 211): 9412,\n",
       " (211, 1048724): 9412,\n",
       " (191, 211): 404,\n",
       " (211, 191): 404,\n",
       " (1048580, 1048727): 4039,\n",
       " (1048727, 1048580): 4039,\n",
       " (1048746, 212): 24453,\n",
       " (212, 1048746): 24453,\n",
       " (193, 212): 2751,\n",
       " (212, 193): 2751,\n",
       " (1048745, 1048726): 19880,\n",
       " (1048726, 1048745): 19880,\n",
       " (212, 213): 2005,\n",
       " (213, 212): 2005,\n",
       " (1048747, 214): 10560,\n",
       " (214, 1048747): 10560,\n",
       " (1048748, 1048747): 1575,\n",
       " (1048747, 1048748): 1575,\n",
       " (215, 1048747): 680,\n",
       " (1048747, 215): 680,\n",
       " (1048749, 216): 61134,\n",
       " (216, 1048749): 61134,\n",
       " (1048750, 217): 4605,\n",
       " (217, 1048750): 4605,\n",
       " (1048751, 1048750): 19497,\n",
       " (1048750, 1048751): 19497,\n",
       " (1048750, 218): 11677,\n",
       " (218, 1048750): 11677,\n",
       " (1048752, 1048751): 4321,\n",
       " (1048751, 1048752): 4321,\n",
       " (219, 1048752): 7424,\n",
       " (1048752, 219): 7424,\n",
       " (216, 219): 1932,\n",
       " (219, 216): 1932,\n",
       " (1048753, 1048752): 28230,\n",
       " (1048752, 1048753): 28230,\n",
       " (220, 1048754): 13452,\n",
       " (1048754, 220): 13452,\n",
       " (220, 221): 11734,\n",
       " (221, 220): 11734,\n",
       " (221, 219): 18934,\n",
       " (219, 221): 18934,\n",
       " (1048755, 1048753): 2918,\n",
       " (1048753, 1048755): 2918,\n",
       " (1048754, 1048755): 617,\n",
       " (1048755, 1048754): 617,\n",
       " (222, 1048756): 31043,\n",
       " (1048756, 222): 31043,\n",
       " (1048756, 1048755): 2501,\n",
       " (1048755, 1048756): 2501,\n",
       " (223, 224): 13334,\n",
       " (224, 223): 13334,\n",
       " (225, 220): 13896,\n",
       " (220, 225): 13896,\n",
       " (225, 221): 9179,\n",
       " (221, 225): 9179,\n",
       " (226, 222): 13789,\n",
       " (222, 226): 13789,\n",
       " (1048757, 226): 10372,\n",
       " (226, 1048757): 10372,\n",
       " (227, 1048757): 17769,\n",
       " (1048757, 227): 17769,\n",
       " (227, 1048758): 4459,\n",
       " (1048758, 227): 4459,\n",
       " (228, 1048757): 22413,\n",
       " (1048757, 228): 22413,\n",
       " (226, 1048759): 2959,\n",
       " (1048759, 226): 2959,\n",
       " (229, 227): 9499,\n",
       " (227, 229): 9499,\n",
       " (229, 1048760): 5799,\n",
       " (1048760, 229): 5799,\n",
       " (230, 228): 7959,\n",
       " (228, 230): 7959,\n",
       " (1048761, 230): 61415,\n",
       " (230, 1048761): 61415,\n",
       " (1048740, 1048761): 16348,\n",
       " (1048761, 1048740): 16348,\n",
       " (231, 1048749): 17448,\n",
       " (1048749, 231): 17448,\n",
       " (1048758, 1048762): 4283,\n",
       " (1048762, 1048758): 4283,\n",
       " (1048762, 232): 3724,\n",
       " (232, 1048762): 3724,\n",
       " (1048763, 233): 4509,\n",
       " (233, 1048763): 4509,\n",
       " (1048764, 233): 22267,\n",
       " (233, 1048764): 22267,\n",
       " (234, 1048764): 3150,\n",
       " (1048764, 234): 3150,\n",
       " (1048765, 223): 8243,\n",
       " (223, 1048765): 8243,\n",
       " (224, 1048756): 3088,\n",
       " (1048756, 224): 3088,\n",
       " (1048760, 1048764): 22362,\n",
       " (1048764, 1048760): 22362,\n",
       " (233, 235): 3612,\n",
       " (235, 233): 3612,\n",
       " (1048766, 1048762): 3637,\n",
       " (1048762, 1048766): 3637,\n",
       " (236, 231): 3768,\n",
       " (231, 236): 3768,\n",
       " (236, 1048767): 27026,\n",
       " (1048767, 236): 27026,\n",
       " (1048767, 234): 822,\n",
       " (234, 1048767): 822,\n",
       " (236, 237): 22328,\n",
       " (237, 236): 22328,\n",
       " (237, 1048767): 8597,\n",
       " (1048767, 237): 8597,\n",
       " (238, 239): 2547,\n",
       " (239, 238): 2547,\n",
       " (240, 238): 2757,\n",
       " (238, 240): 2757,\n",
       " (1048768, 241): 2727,\n",
       " (241, 1048768): 2727,\n",
       " (1048769, 242): 1263,\n",
       " (242, 1048769): 1263,\n",
       " (1048770, 1048769): 1715,\n",
       " (1048769, 1048770): 1715,\n",
       " (1048770, 243): 2495,\n",
       " (243, 1048770): 2495,\n",
       " (1048771, 1048770): 327,\n",
       " (1048770, 1048771): 327,\n",
       " (244, 1048771): 2517,\n",
       " (1048771, 244): 2517,\n",
       " (1048772, 244): 2381,\n",
